10 10
30716 33189 22800 15957 21076 26894 19563 23429 21426 37063 
33541 39005 22279 11360 22966 28640 23340 17421 23789 33410 
31532 36746 24445 16711 24152 28183 25739 20909 23137 35513 
34973 38055 24347 14807 24223 27008 22271 23592 21772 38480 
37072 36834 27838 19056 21968 30539 29512 19634 25124 28405 
17101 19396 12411 8078 10052 16551 12307 8804 8665 16633 
40227 41917 29120 21409 25665 31603 29399 27946 26957 39285 
30972 30875 24090 17194 22932 24438 28038 22430 20787 26399 
34446 33822 29259 19272 23029 34763 27417 24215 19397 29769 
27244 26808 18340 10394 16199 24020 14284 16445 18767 27786 
