10 10
28449 28611 28481 28522 34391 41066 20509 25774 29753 30741 
18925 21846 19914 25374 26950 30975 16862 24456 23373 22326 
19377 27355 23602 27037 26759 33949 19165 28217 29938 24318 
18287 28877 23629 28830 24603 39622 17181 30217 30101 28455 
18146 24210 20698 19679 21819 30528 16171 19273 28046 20082 
14123 20893 20010 20000 24735 29903 17505 24378 28313 23493 
22295 30886 21637 24554 22507 36394 23622 26364 31454 25763 
28677 28192 25820 28492 32406 41481 22273 27398 33019 29939 
27429 37170 27275 28998 31961 41413 29089 34079 38774 30137 
28533 26184 28416 28669 34807 43473 20950 26491 30857 33079 
